4.915892601013184
5.307599306106567
5.004492282867432
4.933557510375977
4.761197805404663
4.976462364196777
5.0141284465789795
4.85248327255249
4.934709548950195
4.971987247467041
4.90395712852478
4.91484522819519
4.705002307891846
5.132754564285278
4.943064212799072
4.897035598754883
4.7139880657196045
5.568293571472168
5.027503490447998
4.998918771743774
6.26585578918457
23.326018810272217
1.2387986183166504
0.0001709461212158203
2.8225820064544678
21.91992735862732
2.275969982147217
24.561106204986572
0.00034618377685546875
0.0002949237823486328
0.000396728515625
0.0012984275817871094
0.0003218650817871094
0.0005452632904052734
0.0003535747528076172
0.0005600452423095703
0.00032067298889160156
0.00038695335388183594
0.0005156993865966797
0.0014073848724365234
0.0003380775451660156
0.0010433197021484375
0.0006985664367675781
0.6685965061187744
0.7087399959564209
0.6548483371734619
2.0206403732299805
1.4378879070281982
1.3978819847106934
1.3628056049346924
1.356933355331421
1.2827858924865723
1.5659077167510986
0.8053514957427979
0.8799593448638916
1.6812541484832764
1.7003953456878662
1.7062695026397705
1.5743162631988525
1.76365065574646
1.6386797428131104
