0.46984434127807617
0.4589688777923584
5.269078016281128
4.17042350769043
5.325895309448242
10.162847518920898
10.981064081192017
9.71238374710083
10.220783233642578
10.503641366958618
10.135237455368042
10.48085880279541
4.853673934936523
5.153432846069336
0.004663705825805664
0.005656003952026367
0.005982160568237305
0.006085634231567383
0.005551338195800781
0.013438701629638672
0.004105091094970703
0.002305269241333008
0.6523294448852539
0.987844705581665
0.7702338695526123
0.003064393997192383
0.012172937393188477
0.014005899429321289
0.005411386489868164
0.005286693572998047
0.005704402923583984
0.006624698638916016
0.017121076583862305
0.004753828048706055
0.006717205047607422
0.003148794174194336
0.003033876419067383
0.0028836727142333984
0.003225088119506836
0.0030188560485839844
0.0029616355895996094
0.0031518936157226562
0.003056049346923828
0.003389596939086914
0.002976655960083008
0.0024602413177490234
0.010959148406982422
0.005827188491821289
0.007340908050537109
0.0062084197998046875
0.0043756961822509766
0.0035135746002197266
0.0037534236907958984
0.0033159255981445312
0.004716157913208008
0.003534555435180664
0.004625558853149414
0.004031181335449219
0.003969430923461914
0.0038824081420898438
0.003894805908203125
0.0037932395935058594
2.0047144889831543
0.4044497013092041
0.41243648529052734
0.007407188415527344
0.007639646530151367
0.010676145553588867
0.008005380630493164
0.00822758674621582
